training:
  max_lr_2d: 0.005419257949847531
  max_lr_1d: 0.16613456824808537
  batch_size_seqs: 16
  weight_decay: 0.29127385712697834
  warmup_ratio: 0.03
  beta2: 0.95
  grad_clip: 1.0
  per_device_batch_size: 1
  grad_accum_steps: 16
