training:
  max_lr_2d: 0.00384
  max_lr_1d: 0.002542
  batch_size_seqs: 8
  weight_decay: 0.055238410897498764
  warmup_ratio: 0.03
  beta2: 0.95
  grad_clip: 1.0
  per_device_batch_size: 1
  grad_accum_steps: 8
