training:
  max_lr_2d: 0.01952751996251798
  max_lr_1d: 0.0993466646981657
  batch_size_seqs: 32
  weight_decay: 0.22320302667110486
  warmup_ratio: 0.03
  beta2: 0.95
  grad_clip: 1.0
  per_device_batch_size: 1
  grad_accum_steps: 32
